 0.798098         0        18         6
  0.423714         0        52         0
   1.00506         0       121         3
  0.387207         0       173         0
  0.307062         0       194         0
  0.174673         0       368         0
  0.164792         0       380         0
  0.219466         0       467         0
  0.299059         0       478         0
  0.103704         0       549         0
  0.450477         0       682         0
  0.638825         0       718         2
  0.260764         0      1037         0
  0.469018         0      1050         0
  0.766996         0      1055         5
  0.794944         0      1358         4
  0.277904         0      1435         0
  0.397912         0      1453         0
  0.148888         0      1903         0
   0.85003         0      1939         4
  0.374421         0      2146         0
  0.527891         0      2173         2
  0.364895         0      2394         0
  0.657799         0      2443         2
  0.789591         0      2554         2
  0.504139         0      2769         2
  0.514066         0      2814         3
  0.272468         0      2983         0
  0.214187         0      2993         0
  0.125821         0      3271         0
  0.472769         0      3349         0
  0.423561         0      3429         0
  0.551806         0      3529         2
   0.43317         0      3533         0
  0.871603         0      3672         2
   0.51184         0      3826         6
  0.544574         0      3904         4
  0.680711         0      3986         2
  0.253658         0      4285         0
   0.55718         0      4380         2
  0.583941         0      4706         4
   0.17743         0      4864         0
  0.483228         1       106         0
 0.0692809         1       152         0
  0.486579         1       194         0
  0.676986         1       354         2
  0.241838         1       367         0
  0.615666         1       388         2
  0.308196         1       411         0
  0.432352         1       436         0
  0.504823         1       441         2
  0.413989         1       497         0
  0.522687         1       637         5
  0.596971         1       641         3
  0.186636         1       668         0
  0.271432         1       830         0
  0.412184         1       925         0
  0.742754         1      1030         2
   0.48794         1      1047         0
  0.399099         1      1071         0
  0.020765         1      1263         0
  0.194873         1      1310         0
  0.785082         1      1545         2
   0.60512         1      1584         5
  0.485006         1      1635         0
  0.377484         1      1756         1
  0.814692         1      1786         6
  0.113466         1      1824         0
  0.436679         1      1865         0
  0.531418         1      2101         2
  0.414621         1      2304         0
  0.555752         1      2361        11
  0.249664         1      2373         0
  0.626088         1      2471         2
   0.50496         1      2830         7
  0.627852         1      2875         2
  0.145518         1      2878         0
   0.46456         1      2998         0
  0.131957         1      3012         0
   0.17785         1      3073         0
 0.0187262         1      3156         0
  0.446054         1      3180         0
  0.545024         1      3278         2
  0.910544         1      3307         2
  0.504916         1      3553         2
  0.543349         1      3661         4
  0.298455         1      4012         0
  0.664056         1      4343         2
  0.475257         1      4424         0
  0.831857         1      4502         3
  0.809295         1      4817         2
  0.382925         1      5074         0
  0.573256         2        53         2
  0.440855         2        88         0
  0.345729         2       177         0
  0.314785         2       258         0
  0.289805         2       459         0
  0.308311         2       506         0
  0.552038         2       521         3
  0.638496         2       682         2
   0.47573         2       786         0
  0.159966         2       844         0
  0.895094         2       850         7
  0.200853         2       894         0
   0.26818         2      1174         0
  0.244358         2      1284         0
  0.518301         2      1299         4
  0.536139         2      1310         3
  0.523751         2      1344         5
  0.195246         2      1350         0
  0.733063         2      1385         2
  0.700277         2      1496         3
  0.380331         2      1566         0
  0.535952         2      1617         6
  0.175781         2      1801         0
  0.556262         2      1820         2
  0.375892         2      1869         0
  0.598991         2      1941         2
  0.404409         2      2022         0
  0.492587         2      2032         0
  0.515458         2      2571         4
  0.223801         2      2576         0
  0.846687         2      2772         2
  0.787396         2      2785         2
  0.314823         2      2838         0
  0.677521         2      2992         6
  0.648368         2      3044         2
   0.36185         2      3066         0
  0.305804         2      3089         0
  0.418102         2      3170         0
 0.0642176         2      3236         0
  0.550548         2      3346         8
  0.381489         2      3475         0
  0.478008         2      3523         1
  0.237569         2      3702         0
   0.71107         2      3735         2
  0.521175         2      4073         7
  0.324287         2      4083         0
  0.577604         2      4124         2
  0.528604         2      4162         5
 0.0548674         2      4267         0
  0.317154         2      4287         0
  0.401106         2      4660         0
   0.49026         2      4695         0
  0.575281         2      4761         2
  0.363163         2      4799         0
  0.372013         2      4916         0
   0.52458         3       213         9
  0.126146         3       415         0
  0.411109         3       422         0
  0.281952         3       512         0
  0.566167         3       750         3
  0.427784         3       836         0
  0.685736         3       837         4
  0.698548         3       929         2
  0.680686         3      1142         2
  0.165842         3      1240         0
  0.731134         3      1284         3
 0.0156484         3      1456         0
  0.103236         3      1464         0
   0.13948         3      1474         0
  0.225988         3      1498         0
  0.459289         3      1503         0
 0.0916836         3      1544         0
  0.405645         3      1567         0
  0.612874         3      1806         2
  0.529785         3      1813         4
   0.29683         3      1945         0
  0.273036         3      2225         0
  0.525539         3      2286         3
   0.25202         3      2318         0
  0.344633         3      2404         0
  0.196114         3      2593         0
 0.0506879         3      2696         0
  0.687733         3      2812         2
  0.528216         3      2871         3
  0.577431         3      3127         2
  0.261826         3      3234         0
  0.321215         3      3286         0
  0.262122         3      3313         0
  0.495359         3      3449         0
  0.337954         3      3595         0
  0.608591         3      3645         2
  0.473231         3      3705         0
  0.315155         3      3737         0
  0.437858         3      3756         0
  0.199471         3      3759         0
  0.368417         3      3764         0
  0.398051         3      3930         0
  0.282635         3      4201         0
  0.583397         3      4277         2
  0.368936         3      4541         0
  0.985461         3      4765         3
  0.745909         3      4796         7
  0.416536         4        94         0
  0.105045         4       196         0
  0.565942         4       355         3
  0.358456         4       398         0
  0.226471         4       541         0
  0.172182         4       562         0
  0.532741         4       571         6
  0.433215         4       595         0
  0.548472         4       611         3
  0.463096         4       633         0
  0.460408         4       658         0
 0.0443877         4       686         0
  0.556381         4       716         2
  0.430643         4       973         0
  0.398933         4      1088         0
  0.447347         4      1233         0
 0.0304137         4      1302         0
  0.305462         4      1386         0
  0.826712         4      1388         2
  0.288986         4      1462         1
  0.206976         4      1536         0
  0.122842         4      1556         0
  0.438882         4      1874         0
  0.347658         4      1881         0
  0.748464         4      2124         2
  0.525936         4      2169         2
  0.249426         4      2232         0
   0.49595         4      2298         0
  0.575731         4      2333         2
  0.745255         4      2424         3
  0.469613         4      2470         0
  0.842805         4      2689         3
   0.59944         4      2741         2
  0.648322         4      2880         8
 0.0611769         4      2997         0
  0.162213         4      3232         0
  0.518673         4      3254         2
  0.335173         4      3277         0
  0.513672         4      3467         1
  0.178987         4      3496         0
  0.258072         4      3592         0
  0.347056         4      3689         0
  0.561561         4      3749         3
  0.952722         4      3823         2
 0.0549805         4      3908         0
  0.741477         4      4088         2
  0.687047         4      4331         5
  0.523936         4      4435         3
  0.687394         4      4462         3
  0.450418         4      4573         0
  0.231609         4      4632         0
  0.348704         4      4903         0
  0.432102         4      4938         0
  0.109299         4      4962         0
  0.427876         4      4991         0
  0.032099         4      5078         0
  0.613172         4      5162         2
  0.473498         5       167         0
  0.423698         5       177         0
  0.799066         5       223         5
  0.119217         5       367         1
   0.53741         5       425         4
  0.504032         5       430         2
  0.173973         5       587         0
  0.316397         5       746         0
  0.701663         5       811         2
  0.403763         5       824         0
 0.0922397         5       907         0
  0.595199         5      1079         3
  0.506856         5      1087         2
  0.790547         5      1490         2
  0.407821         5      1609         0
  0.192929         5      1910         0
  0.767031         5      2065         4
   0.53625         5      2163         2
  0.576034         5      2295         2
   0.73948         5      2316         5
   0.18058         5      2342         0
 0.0660439         5      2432         0
  0.290334         5      2498         0
  0.727721         5      2659         2
  0.733135         5      2880         6
  0.856291         5      3170         2
 0.0882688         5      3350         0
  0.431727         5      3367         0
  0.326991         5      3481         0
 0.0776997         5      3505         0
  0.136924         5      3604         0
 0.0467457         5      3641         0
  0.434551         5      3861         0
   0.21788         5      3972         0
  0.477532         5      4027         0
  0.554143         5      4031         2
  0.666102         5      4301         2
  0.863502         5      4460         3
  0.592761         5      4497         2
 0.0299467         5      4588         0
  0.512181         5      4618         2
  0.126357         5      4688         0
  0.183023         5      4786         0
  0.818097         5      4797         2
   0.53579         5      4841         2
 0.0709583         5      4868         0
  0.916926         5      4913         2
  0.287207         5      4927         0
  0.610531         5      5131         2
  0.278833         6       198         0
  0.746069         6       309         4
   0.48871         6       362         0
 0.0681374         6       367         0
  0.405033         6       375         0
  0.492303         6       430         0
 0.0505943         6       436         0
  0.102478         6       568         0
  0.759672         6       631         3
  0.558035         6       837         5
  0.642574         6       947         3
   0.26535         6      1297         0
  0.384518         6      1479         0
  0.390348         6      1535         0
  0.268561         6      1643         0
  0.436453         6      1651         0
   0.74397         6      1677         3
  0.591181         6      1680        12
    0.3692         6      1872         0
  0.477055         6      2047         1
   0.10819         6      2113         0
  0.273585         6      2117         0
  0.597337         6      2267         1
  0.797491         6      2313         2
   0.33211         6      2318         0
  0.619985         6      2480         2
   0.40915         6      2487         0
  0.452394         6      2530         0
  0.358799         6      2690         0
  0.497883         6      2735         0
  0.267118         6      2848         0
  0.410998         6      3150         0
  0.271549         6      3438         0
  0.437811         6      3708         0
  0.516801         6      3780         4
  0.417502         6      3816         0
  0.847592         6      3876         3
  0.398343         6      4064         0
  0.379557         6      4148         0
  0.604565         6      4276         6
  0.307368         6      4449         0
   0.20162         6      4606         0
  0.440886         6      4808         0
  0.638996         6      4941         6
    0.5814         6      4971         4
  0.314664         7        23         0
  0.749239         7        30         2
  0.699039         7       236         3
  0.200117         7       265         0
  0.234558         7       281         0
  0.663942         7       357         3
  0.671173         7       430         2
 0.0298718         7       483         0
  0.215787         7       605         0
   0.51419         7       615         7
  0.525626         7       633         4
  0.254923         7       657         1
  0.639985         7       668         2
  0.230497         7       720         0
  0.484898         7       833         0
  0.912963         7      1092         2
  0.541804         7      1217         2
 0.0308525         7      1222         0
   0.60879         7      1324         3
  0.326775         7      1338         0
  0.257879         7      1481         0
  0.545776         7      1497         9
  0.656763         7      1506         7
  0.456558         7      1548         1
  0.191533         7      1573         0
  0.397586         7      1608         0
  0.142378         7      1691         0
  0.492023         7      2129         0
  0.302288         7      2189         0
  0.652787         7      2192         4
  0.413676         7      2231         0
  0.589182         7      2260         2
  0.535427         7      2366         2
  0.634235         7      2568         3
  0.564724         7      2627         2
  0.538403         7      2698         3
  0.232719         7      2705         0
  0.557631         7      2833         2
  0.222927         7      2888         0
  0.402181         7      2925         0
  0.678857         7      3017         2
  0.358689         7      3307         0
  0.666236         7      3355         2
  0.666119         7      3474         3
  0.519112         7      3475         3
  0.613639         7      3525         1
   0.52247         7      3544         2
  0.551113         7      3568         2
  0.462611         7      3746         0
  0.318408         7      3772         0
  0.114111         7      3904         0
  0.160172         7      3909         0
  0.143807         7      4202         0
  0.388619         7      4515         0
  0.286663         7      4636         0
  0.421798         7      4645         0
  0.475928         7      4678         0
  0.544789         7      4855         2
  0.824437         7      5076         2
  0.433856         7      5157         0
  0.325281         7      5164         0
  0.536011         7      5218         2
  0.129334         8       149         0
  0.561031         8       191         3
  0.134745         8       200         0
  0.812025         8       245         2
  0.114967         8       352         0
  0.500728         8       570         3
  0.328305         8       586         0
  0.495905         8       663         0
  0.581374         8       669         2
  0.741729         8       788         2
  0.599328         8       826         3
  0.430014         8       868         0
  0.170258         8      1154         0
  0.280534         8      1177         0
  0.509192         8      1243         2
  0.188648         8      1251         0
  0.601556         8      1291         3
  0.396666         8      1314         0
  0.180153         8      1549         0
  0.246721         8      1607         0
  0.400017         8      1720         0
  0.539006         8      1791         3
  0.577469         8      2124         2
 0.0325251         8      2201         0
  0.637738         8      2272         2
  0.443503         8      2288         0
   0.38002         8      2357         0
  0.332025         8      2362         0
  0.203928         8      2702         0
   0.37277         8      2958         0
  0.231117         8      3013         0
  0.777877         8      3036         2
  0.778325         8      3196         2
  0.422252         8      3270         0
  0.250694         8      3345         0
 0.0638995         8      3384         0
  0.339213         8      3414         0
  0.226222         8      3600         0
   0.35196         8      3831         0
 0.0702677         8      3892         0
  0.743651         8      3912         5
  0.312019         8      3935         0
  0.767999         8      4113         2
 0.0462815         8      4397         0
  0.160357         8      4485         0
 0.0256633         8      4511         0
  0.254384         8      4622         0
   0.40915         8      4692         0
  0.670159         8      4737         4
  0.146762         8      4755         0
  0.671017         8      4885         4
  0.380987         8      4905         0
  0.655309         8      4973         2
  0.440338         8      5133         1
  0.269262         9        36         0
  0.101492         9       187         0
  0.244406         9       309         0
  0.113904         9       391         0
  0.151901         9       573         0
  0.727637         9       573         2
  0.229217         9       601         0
  0.674754         9       865         2
  0.451923         9      1006         0
  0.479049         9      1030         0
  0.389697         9      1056         0
 0.0129548         9      1295         0
   0.37053         9      1317         0
  0.345142         9      1320         0
  0.339846         9      1512         0
  0.279588         9      1546         0
  0.490497         9      1650         0
  0.277678         9      1660         0
 0.0064463         9      1767         0
  0.189938         9      1802         0
  0.431623         9      1953         0
  0.731199         9      1962         5
  0.338098         9      1963         0
  0.516264         9      2034         2
  0.566425         9      2065         2
  0.398862         9      2073         0
  0.693327         9      2076         2
  0.626667         9      2447         2
  0.689651         9      2646         2
  0.457127         9      2747         0
  0.111483         9      2904         0
  0.436799         9      3033         0
  0.118651         9      3165         0
  0.113716         9      3198         0
  0.803963         9      3279         1
  0.666508         9      3320         9
  0.279132         9      3326         0
  0.310882         9      3346         0
  0.405437         9      3389         0
  0.454763         9      3522         0
  0.209072         9      3567         0
  0.155382         9      3800         0
  0.412258         9      3802         0
    0.7257         9      3905         5
  0.434551         9      4143         0
 0.0508514         9      4441         0
  0.480323         9      4507         0
  0.371646         9      4514         0
   0.42381         9      4518         0
  0.611267         9      4541         3
  0.587397         9      4739         2
  0.202282         9      4785         0
